method,CV_t,RN,RNN,D_slope,RC,gPi,PPF,PPi,PImd,PILSM,RTR,PIR,RDPI,ESPI,ESPIID,PSI,RPI,PQ,PR,NRW,ESP,CEV,PFI,APC,SI,RSI,EVS
CV_t,1,-0.12130472141743696,0.6119847168821357,0.7571873148326584,0.9799139178004836,0.9999999999999999,0.9415443720571928,0.9847661935586257,0.9847661935586257,0.9847661935586255,-0.18405976013508998,0.9108146251637805,0.998863885052258,0.7691772461612292,0.7605299044501542,-0.15723131320821493,0.9988638850522581,0.7691772461612292,0.7691772461612291,0.7691772461612291,0.9869996044601552,1,0.993349392089234,0.6827533434302265,0.9204923101419491,-1,0.7147668110790842
RN,-0.12130472141743696,1,-0.07685738433561132,0.12958722671447676,-0.15634562063110113,-0.12130472141743687,0.11385297298957085,-0.06061833777298603,-0.06061833777298603,-0.06061833777298571,0.9031172533013232,-0.047426561951264413,-0.09958423458300997,0.037231333832510545,0.019342789402438384,-0.061818537870957334,-0.09958423458301012,0.037231333832510545,0.037231333832511294,0.037231333832511294,-0.13301482048957206,-0.12130472141743696,-0.11040384762089538,-0.0057250018970910485,-0.07296675032080262,0.12130472141743734,0.03529687832026697
RNN,0.6119847168821357,-0.07685738433561132,1,0.6869305201854903,0.5469782728220364,0.6119847168821358,0.603477194665689,0.6235481677406735,0.6235481677406735,0.6235481677406736,-0.03173246500225955,0.41290880446672845,0.6021566417272144,0.6970602882367191,0.7658262183195642,0.12656432996035766,0.6021566417272141,0.6970602882367191,0.6970602882367185,0.6970602882367185,0.5835606410378671,0.6119847168821358,0.6006812683132009,0.7474726020113964,0.7239288683581538,-0.611984716882136,0.7288294928230022
D_slope,0.7571873148326584,0.12958722671447676,0.6869305201854903,1,0.6840358705747721,0.7571873148326582,0.7738549366650285,0.8142346123647983,0.8142346123647983,0.8142346123647984,0.09657467038044636,0.6884273588963897,0.7658258961630844,0.9872359532767423,0.9622486317460232,-0.23314343323823136,0.7658258961630839,0.9872359532767423,0.987235953276743,0.987235953276743,0.709920684250202,0.7571873148326584,0.771260795132974,0.8451455708007107,0.8969646963673872,-0.757187314832658,0.969467390617757
RC,0.9799139178004836,-0.15634562063110113,0.5469782728220364,0.6840358705747721,1,0.9799139178004832,0.8938093886996008,0.9351786000168648,0.9351786000168648,0.9351786000168646,-0.23559162378614557,0.8773816234863425,0.9775557624857495,0.6840844521155396,0.6627280989959803,-0.2545450627053105,0.9775557624857497,0.6840844521155396,0.6840844521155395,0.6840844521155395,0.9888383153214516,0.9799139178004833,0.9575080376559626,0.5601532802803296,0.8785998091483884,-0.9799139178004835,0.6459288221585576
gPi,0.9999999999999999,-0.12130472141743687,0.6119847168821358,0.7571873148326582,0.9799139178004832,1,0.9415443720571928,0.9847661935586253,0.9847661935586253,0.9847661935586253,-0.18405976013508996,0.9108146251637802,0.9988638850522578,0.769177246161229,0.7605299044501541,-0.15723131320821473,0.9988638850522579,0.769177246161229,0.7691772461612292,0.7691772461612292,0.9869996044601544,1,0.993349392089234,0.6827533434302264,0.9204923101419491,-0.9999999999999997,0.7147668110790844
PPF,0.9415443720571928,0.11385297298957085,0.603477194665689,0.7738549366650285,0.8938093886996008,0.9415443720571928,0.9999999999999999,0.9561300578446259,0.9561300578446259,0.9561300578446261,0.05126658573680729,0.8461801593330711,0.95260781351512,0.773239592425418,0.7714333831449637,-0.0804639756422162,0.9526078135151199,0.773239592425418,0.7732395924254184,0.7732395924254184,0.9057561116109472,0.9415443720571927,0.9497878987107884,0.71594257019897,0.8979096581695764,-0.9415443720571924,0.7118957225876058
PPi,0.9847661935586257,-0.06061833777298603,0.6235481677406735,0.8142346123647983,0.9351786000168648,0.9847661935586253,0.9561300578446259,1,1,1,-0.11556099814687038,0.9130438737372599,0.9873178828643697,0.8331301645190058,0.8281834888296932,-0.09351681197635761,0.9873178828643697,0.8331301645190058,0.8331301645190058,0.8331301645190058,0.9505877075853212,0.9847661935586256,0.9930397770207454,0.7681200535722544,0.9317142336193882,-0.9847661935586255,0.7623504653416823
PImd,0.9847661935586257,-0.06061833777298603,0.6235481677406735,0.8142346123647983,0.9351786000168648,0.9847661935586253,0.9561300578446259,1,1,1,-0.11556099814687038,0.9130438737372599,0.9873178828643697,0.8331301645190058,0.8281834888296932,-0.09351681197635761,0.9873178828643697,0.8331301645190058,0.8331301645190058,0.8331301645190058,0.9505877075853212,0.9847661935586256,0.9930397770207454,0.7681200535722544,0.9317142336193882,-0.9847661935586255,0.7623504653416823
PILSM,0.9847661935586255,-0.06061833777298571,0.6235481677406736,0.8142346123647984,0.9351786000168646,0.9847661935586253,0.9561300578446261,1,1,1,-0.11556099814687013,0.9130438737372599,0.9873178828643694,0.8331301645190059,0.8281834888296934,-0.09351681197635733,0.9873178828643694,0.8331301645190059,0.8331301645190059,0.8331301645190059,0.9505877075853212,0.9847661935586257,0.9930397770207454,0.7681200535722547,0.9317142336193881,-0.9847661935586255,0.7623504653416827
RTR,-0.18405976013508998,0.9031172533013232,-0.03173246500225955,0.09657467038044636,-0.23559162378614557,-0.18405976013508996,0.05126658573680729,-0.11556099814687038,-0.11556099814687038,-0.11556099814687013,1,-0.12469047239223059,-0.1652139622189558,0.02363175526066806,0.01688994239917534,-0.014024076420650972,-0.16521396221895623,0.02363175526066806,0.02363175526066852,0.02363175526066852,-0.2052220871136685,-0.18405976013508998,-0.17149554241142004,0.006777438055042874,-0.09154218096700072,0.18405976013509048,0.03280984315351152
PIR,0.9108146251637805,-0.047426561951264413,0.41290880446672845,0.6884273588963897,0.8773816234863425,0.9108146251637802,0.8461801593330711,0.9130438737372599,0.9130438737372599,0.9130438737372599,-0.12469047239223059,0.9999999999999998,0.9093680495333494,0.7083204030538023,0.6858512497966659,-0.15074965307298263,0.9093680495333498,0.7083204030538023,0.7083204030538022,0.7083204030538022,0.893173259243911,0.9108146251637804,0.9212715192458354,0.6210107302458292,0.809579663138948,-0.9108146251637802,0.6418292283873605
RDPI,0.998863885052258,-0.09958423458300997,0.6021566417272144,0.7658258961630844,0.9775557624857495,0.9988638850522578,0.95260781351512,0.9873178828643697,0.9873178828643697,0.9873178828643694,-0.1652139622189558,0.9093680495333494,0.9999999999999998,0.7766812811533058,0.7658985719085567,-0.1590342329910835,0.9999999999999998,0.7766812811533058,0.7766812811533058,0.7766812811533058,0.9820614332197094,0.9988638850522581,0.9945226573058414,0.6882864605355742,0.9248933834387637,-0.9988638850522576,0.7203450787438986
ESPI,0.7691772461612292,0.037231333832510545,0.6970602882367191,0.9872359532767423,0.6840844521155396,0.769177246161229,0.773239592425418,0.8331301645190058,0.8331301645190058,0.8331301645190059,0.02363175526066806,0.7083204030538023,0.7766812811533058,1,0.9882945882069318,-0.11826919661286572,0.7766812811533055,1,0.9999999999999996,0.9999999999999996,0.705809388580109,0.7691772461612294,0.7951202318366797,0.907075383302127,0.9147068476534188,-0.7691772461612288,0.9734561282561182
ESPIID,0.7605299044501542,0.019342789402438384,0.7658262183195642,0.9622486317460232,0.6627280989959803,0.7605299044501541,0.7714333831449637,0.8281834888296932,0.8281834888296932,0.8281834888296934,0.01688994239917534,0.6858512497966659,0.7658985719085567,0.9882945882069318,1,0.01253680442005448,0.7658985719085563,0.9882945882069318,0.9882945882069323,0.9882945882069323,0.6879014953822782,0.7605299044501544,0.7920637016176333,0.9550793082020562,0.9119987585969164,-0.7605299044501539,0.9622432479348255
PSI,-0.15723131320821493,-0.061818537870957334,0.12656432996035766,-0.23314343323823136,-0.2545450627053105,-0.15723131320821473,-0.0804639756422162,-0.09351681197635761,-0.09351681197635761,-0.09351681197635733,-0.014024076420650972,-0.15074965307298263,-0.1590342329910835,-0.11826919661286572,0.01253680442005448,1,-0.1590342329910836,-0.11826919661286572,-0.11826919661286593,-0.11826919661286593,-0.260754388520678,-0.1572313132082146,-0.08146975692264002,0.2976462242216822,-0.09920257581904451,0.15723131320821482,-0.14695251359759157
RPI,0.9988638850522581,-0.09958423458301012,0.6021566417272141,0.7658258961630839,0.9775557624857497,0.9988638850522579,0.9526078135151199,0.9873178828643697,0.9873178828643697,0.9873178828643694,-0.16521396221895623,0.9093680495333498,0.9999999999999998,0.7766812811533055,0.7658985719085563,-0.1590342329910836,1,0.7766812811533055,0.7766812811533055,0.7766812811533055,0.9820614332197095,0.9988638850522582,0.9945226573058414,0.6882864605355739,0.9248933834387636,-0.998863885052258,0.7203450787438982
PQ,0.7691772461612292,0.037231333832510545,0.6970602882367191,0.9872359532767423,0.6840844521155396,0.769177246161229,0.773239592425418,0.8331301645190058,0.8331301645190058,0.8331301645190059,0.02363175526066806,0.7083204030538023,0.7766812811533058,1,0.9882945882069318,-0.11826919661286572,0.7766812811533055,1,0.9999999999999996,0.9999999999999996,0.705809388580109,0.7691772461612294,0.7951202318366797,0.907075383302127,0.9147068476534188,-0.7691772461612288,0.9734561282561182
PR,0.7691772461612291,0.037231333832511294,0.6970602882367185,0.987235953276743,0.6840844521155395,0.7691772461612292,0.7732395924254184,0.8331301645190058,0.8331301645190058,0.8331301645190059,0.02363175526066852,0.7083204030538022,0.7766812811533058,0.9999999999999996,0.9882945882069323,-0.11826919661286593,0.7766812811533055,0.9999999999999996,0.9999999999999998,0.9999999999999998,0.7058093885801089,0.7691772461612292,0.7951202318366801,0.9070753833021268,0.9147068476534189,-0.7691772461612287,0.9734561282561182
NRW,0.7691772461612291,0.037231333832511294,0.6970602882367185,0.987235953276743,0.6840844521155395,0.7691772461612292,0.7732395924254184,0.8331301645190058,0.8331301645190058,0.8331301645190059,0.02363175526066852,0.7083204030538022,0.7766812811533058,0.9999999999999996,0.9882945882069323,-0.11826919661286593,0.7766812811533055,0.9999999999999996,0.9999999999999998,0.9999999999999998,0.7058093885801089,0.7691772461612292,0.7951202318366801,0.9070753833021268,0.9147068476534189,-0.7691772461612287,0.9734561282561182
ESP,0.9869996044601552,-0.13301482048957206,0.5835606410378671,0.709920684250202,0.9888383153214516,0.9869996044601544,0.9057561116109472,0.9505877075853212,0.9505877075853212,0.9505877075853212,-0.2052220871136685,0.893173259243911,0.9820614332197094,0.705809388580109,0.6879014953822782,-0.260754388520678,0.9820614332197095,0.705809388580109,0.7058093885801089,0.7058093885801089,1,0.9869996044601544,0.9635067271832235,0.5807038676576678,0.8772606879679711,-0.9869996044601552,0.663146203279141
CEV,1,-0.12130472141743696,0.6119847168821358,0.7571873148326584,0.9799139178004833,1,0.9415443720571927,0.9847661935586256,0.9847661935586256,0.9847661935586257,-0.18405976013508998,0.9108146251637804,0.9988638850522581,0.7691772461612294,0.7605299044501544,-0.1572313132082146,0.9988638850522582,0.7691772461612294,0.7691772461612292,0.7691772461612292,0.9869996044601544,1,0.993349392089234,0.6827533434302269,0.920492310141949,-0.9999999999999998,0.7147668110790844
PFI,0.993349392089234,-0.11040384762089538,0.6006812683132009,0.771260795132974,0.9575080376559626,0.993349392089234,0.9497878987107884,0.9930397770207454,0.9930397770207454,0.9930397770207454,-0.17149554241142004,0.9212715192458354,0.9945226573058414,0.7951202318366797,0.7920637016176333,-0.08146975692264002,0.9945226573058414,0.7951202318366797,0.7951202318366801,0.7951202318366801,0.9635067271832235,0.993349392089234,0.9999999999999999,0.737072721097496,0.9294842009877341,-0.993349392089234,0.7309599199049691
APC,0.6827533434302265,-0.0057250018970910485,0.7474726020113964,0.8451455708007107,0.5601532802803296,0.6827533434302264,0.71594257019897,0.7681200535722544,0.7681200535722544,0.7681200535722547,0.006777438055042874,0.6210107302458292,0.6882864605355742,0.907075383302127,0.9550793082020562,0.2976462242216822,0.6882864605355739,0.907075383302127,0.9070753833021268,0.9070753833021268,0.5807038676576678,0.6827533434302269,0.737072721097496,1,0.8382952494098851,-0.6827533434302268,0.8668514766383706
SI,0.9204923101419491,-0.07296675032080262,0.7239288683581538,0.8969646963673872,0.8785998091483884,0.9204923101419491,0.8979096581695764,0.9317142336193882,0.9317142336193882,0.9317142336193881,-0.09154218096700072,0.809579663138948,0.9248933834387637,0.9147068476534188,0.9119987585969164,-0.09920257581904451,0.9248933834387636,0.9147068476534188,0.9147068476534189,0.9147068476534189,0.8772606879679711,0.920492310141949,0.9294842009877341,0.8382952494098851,1,-0.9204923101419491,0.9065769147909852
RSI,-1,0.12130472141743734,-0.611984716882136,-0.757187314832658,-0.9799139178004835,-0.9999999999999997,-0.9415443720571924,-0.9847661935586255,-0.9847661935586255,-0.9847661935586255,0.18405976013509048,-0.9108146251637802,-0.9988638850522576,-0.7691772461612288,-0.7605299044501539,0.15723131320821482,-0.998863885052258,-0.7691772461612288,-0.7691772461612287,-0.7691772461612287,-0.9869996044601552,-0.9999999999999998,-0.993349392089234,-0.6827533434302268,-0.9204923101419491,1,-0.7147668110790841
EVS,0.7147668110790842,0.03529687832026697,0.7288294928230022,0.969467390617757,0.6459288221585576,0.7147668110790844,0.7118957225876058,0.7623504653416823,0.7623504653416823,0.7623504653416827,0.03280984315351152,0.6418292283873605,0.7203450787438986,0.9734561282561182,0.9622432479348255,-0.14695251359759157,0.7203450787438982,0.9734561282561182,0.9734561282561182,0.9734561282561182,0.663146203279141,0.7147668110790844,0.7309599199049691,0.8668514766383706,0.9065769147909852,-0.7147668110790841,1
